exploded: ''
camera_transform:
  translation:
    x: -9.705989
    y: -3.8725762
    z: 0.0
  rotation:
    x: 0.0
    y: 0.0
    z: 0.0
    w: 1.0
  scale:
    x: 0.585453
    y: 0.585453
    z: 1.0
transforms:
  rings:
    translation:
      x: 0.0
      y: 0.0
      z: 1.0
    rotation:
      x: 0.0
      y: 0.0
      z: 0.0
      w: 1.0
    scale:
      x: 1.0
      y: 1.0
      z: 1.0
sizes:
  rings:
    width: 564
    height: 260
layers:
  rings: 0
